129.0763870786686 272.88914337443987 318.46218417717154 589.6325365788675 469.72611666837395 
354.84658027371796 205.31667891232985 130.2194519431792 285.7809587303383 254.84012401095836 
131.35870981736866 412.2009195355017 421.50124438470874 305.9569246230552 159.3210335745632 
400.1001764192186 48.71941895736923 561.8238091141457 86.43287885982781 21.71841649581563 
119.47962184484831 536.060234185362 360.48115972808904 599.8178839313892 89.0752529198193 
216.62136516721048 397.12901870548177 283.30463739708483 258.7031631946156 491.7499730749724 
422.71039206755785 389.62940099984934 36.95333321277492 74.25611216359974 516.7194887131983 
320.12552798243377 569.3527975854396 560.8430419147339 278.2138169988906 260.00274787888844 
535.1824243327721 213.19838712475914 290.3494229552954 424.7153253434796 460.78541920592227 
397.5690760224406 107.26742575594832 164.42356508982556 448.5863737560746 169.53906349610463 
237.5501159990178 388.2673313913164 371.03937416859554 240.72832124438162 148.46585019345977 
320.17025282906025 328.7241550316983 514.1319633496701 65.2211724133798 147.8934997854917 
521.8089268163505 124.8183690679533 89.43896288815294 277.0578366623231 434.0985974862937 
72.70485393939322 511.0815138786893 51.85263515529806 378.88732546893283 284.1296839581079 
138.0371135603254 154.15066232313728 205.8338517147171 488.9393728258638 417.58898908889864 
442.74745048254107 318.07868665657 49.80969492987335 473.98525662570927 144.44376315329907 
98.82163108942564 430.5195105316201 136.32882337524308 258.69030830219594 396.57860396341914 
339.8958313365546 581.0057061270771 387.51300300338863 68.3362516404398 138.1490664693909 
162.87081417385258 352.4378290052371 129.82350383257318 442.3172212416695 559.4097192112665 
310.1339811822671 412.1183049029818 417.5376355787967 102.09524104489789 428.49401308611954 
173.80877962506628 190.86513731123893 519.1577427487317 134.8696949852111 467.92718277986114 
574.3554430662413 63.98753047640687 98.18240930636607 212.87565475904603 34.13222151886811 
153.38854214269455 56.626892745458896 266.56233371920064 392.157013836951 589.9017067651884 
152.68680574350427 552.9667704587638 497.4204126676989 592.4169664587324 387.1812738713617 
40.35321891506512 453.27343075000044 209.2925619196393 154.0607700607815 520.3506098720923 
137.61769742863746 438.2004705742111 567.6713615255535 287.11807134900425 502.67340074339467 
526.9165758768736 444.2059182982531 565.8145305688041 91.04351949196823 79.2744792841797 
349.06111500136456 289.59136379519487 354.79320482513026 540.5016183266097 471.8189255962893 
574.3266870515583 514.2630658794242 186.15641902014244 440.5713846144914 190.32010648858778 
43.335143009927364 288.8853472052007 337.30735484742166 80.16665999531094 617.8701398440701 
