217.9951645725489 305.7313242985976 188.76593729450303 54.92848243700565 82.0539050603805 
342.61915277124234 131.25389473599418 77.78376954343845 275.7831486878995 101.72326345254316 
503.2654347971117 41.69786781539796 416.6395338267163 28.688831335736012 334.4963400011775 
469.6669196540153 297.8893649850992 43.75549352619539 374.93073903576993 273.80493375604766 
125.67535417414537 410.1489438601273 14.112982787160213 451.6924639788075 431.5289093471468 
420.98436676671804 326.0605374724265 504.5575511397323 216.96864965645716 367.57250606770515 
108.95822536758526 352.6795679136894 11.825642870294297 377.01896510530383 413.77469683568944 
148.4065716008556 152.9361974306861 332.007291748587 180.94156473607032 12.176838455878627 
214.84259646157622 210.65658995557317 229.2359917864148 341.935158274126 149.14254287836215 
309.34414066060464 466.0071954864691 471.33449959579616 314.12797485407316 436.3838295436253 
312.8876127462851 77.11379186175876 201.3537264955284 289.45083092332686 466.1292894106392 
361.0422150897719 290.7768233698425 354.6433043525803 235.70616604202488 156.82092594416872 
91.10686165758607 290.07164629037874 332.32282887913715 237.3325325365635 47.008294100582596 
381.8660049999343 96.47037870680057 222.62923565479946 119.79510504826095 285.4925451678008 
288.6700945876775 114.0499673841404 473.2585226819008 390.269270976503 185.04538500422368 
104.85747089495938 321.2684481610763 269.97189785083464 347.36279649348705 442.78565608621744 
118.78915663937849 307.42039162050054 61.68264310373244 244.88800722092262 402.94999832249425 
205.93694471603757 64.75981441393968 290.07770134311716 215.81153158114358 225.56581815088427 
302.3355303361256 439.7499193146505 165.46798393001586 106.94582263182433 88.4605371116019 
461.8771162947043 307.1263872035305 270.7260202875767 159.99046429234525 158.9677893796809 
150.80327156369148 505.4152229173703 245.39388554736573 325.27939374242385 227.27931309963432 
481.5559762826954 392.01375465647607 183.67605302179894 268.9526669172346 55.11365477284457 
420.9228899165083 77.52166687283062 187.2317194797915 447.9712330328537 503.5139808819942 
317.99902045023083 153.10763819557897 18.420399862649973 478.96495085283914 212.24556951602796 
212.5475451455348 459.53965920711414 156.7200931516514 422.696502218845 493.3488680355229 
388.34999786418626 473.12772892157966 433.02565810327593 185.09548292489495 413.63878335717436 
496.37504663118955 21.075043232650515 98.85628004688051 395.3424678731042 398.8605692687186 
264.1634586537027 238.266852954209 233.3787877903024 141.14512175378758 227.1648581518506 
438.6347746674307 148.81904587292178 236.62167376839005 108.7472021200555 255.70921693869275 
45.29107252334329 91.0448821064671 246.16226330248435 410.755543946502 163.50359100590526 
